{
 "cells": [
  {
   "cell_type": "markdown",
   "metadata": {
    "colab_type": "text",
    "id": "rznSDgbvGggG"
   },
   "source": [
    "## Tic-Tac-Toe Agent\n",
    "​\n",
    "In this notebook, you will learn to build an RL agent (using Q-learning) that learns to play Numerical Tic-Tac-Toe with odd numbers. The environment is playing randomly with the agent, i.e. its strategy is to put an even number randomly in an empty cell. The following is the layout of the notebook:\n",
    "        - Defining epsilon-greedy strategy\n",
    "        - Tracking state-action pairs for convergence\n",
    "        - Define hyperparameters for the Q-learning algorithm\n",
    "        - Generating episode and applying Q-update equation\n",
    "        - Checking convergence in Q-values"
   ]
  },
  {
   "cell_type": "markdown",
   "metadata": {
    "colab_type": "text",
    "id": "8eDb8PxBGggH"
   },
   "source": [
    "#### Importing libraries\n",
    "Write the code to import Tic-Tac-Toe class from the environment file"
   ]
  },
  {
   "cell_type": "code",
   "execution_count": 1,
   "metadata": {
    "colab": {},
    "colab_type": "code",
    "id": "6SFNYceFGggJ"
   },
   "outputs": [],
   "source": [
    "import collections\n",
    "import numpy as np\n",
    "import random\n",
    "import pickle\n",
    "import time\n",
    "from matplotlib import pyplot as plt"
   ]
  },
  {
   "cell_type": "code",
   "execution_count": 2,
   "metadata": {},
   "outputs": [],
   "source": [
    "from TCGame_Env1 import TicTacToe  #import your class from environment file\n",
    "env = TicTacToe()"
   ]
  },
  {
   "cell_type": "code",
   "execution_count": 3,
   "metadata": {
    "colab": {},
    "colab_type": "code",
    "id": "wYLQyopEG8nz"
   },
   "outputs": [],
   "source": [
    "# Function to convert state array into a string to store it as keys in the dictionary\n",
    "# states in Q-dictionary will be of form: x-4-5-3-8-x-x-x-x\n",
    "#   x | 4 | 5\n",
    "#   ----------\n",
    "#   3 | 8 | x\n",
    "#   ----------\n",
    "#   x | x | x\n",
    "\n",
    "def Q_state(state):\n",
    "    return ('-'.join(str(e) for e in state)).replace('nan','x')"
   ]
  },
  {
   "cell_type": "code",
   "execution_count": 4,
   "metadata": {},
   "outputs": [
    {
     "data": {
      "text/plain": [
       "'x-x-x-x-x-x-x-x-x'"
      ]
     },
     "execution_count": 4,
     "metadata": {},
     "output_type": "execute_result"
    }
   ],
   "source": [
    "#printing default state of environment\n",
    "Q_state(env.state)"
   ]
  },
  {
   "cell_type": "code",
   "execution_count": 5,
   "metadata": {
    "colab": {},
    "colab_type": "code",
    "id": "ZebMOoiVHBBr"
   },
   "outputs": [],
   "source": [
    "# Defining a function which will return valid (all possible actions) actions corresponding to a state\n",
    "# Important to avoid errors during deployment.\n",
    "\n",
    "def valid_actions(state):\n",
    "\n",
    "    valid_Actions = []\n",
    "    \n",
    "    valid_Actions = [i for i in env.action_space(state)[0]] ###### -------please call your environment as env\n",
    "    return valid_Actions"
   ]
  },
  {
   "cell_type": "code",
   "execution_count": 6,
   "metadata": {},
   "outputs": [
    {
     "data": {
      "text/plain": [
       "[(0, 1),\n",
       " (0, 3),\n",
       " (0, 5),\n",
       " (0, 7),\n",
       " (0, 9),\n",
       " (1, 1),\n",
       " (1, 3),\n",
       " (1, 5),\n",
       " (1, 7),\n",
       " (1, 9),\n",
       " (2, 1),\n",
       " (2, 3),\n",
       " (2, 5),\n",
       " (2, 7),\n",
       " (2, 9),\n",
       " (3, 1),\n",
       " (3, 3),\n",
       " (3, 5),\n",
       " (3, 7),\n",
       " (3, 9),\n",
       " (4, 1),\n",
       " (4, 3),\n",
       " (4, 5),\n",
       " (4, 7),\n",
       " (4, 9),\n",
       " (5, 1),\n",
       " (5, 3),\n",
       " (5, 5),\n",
       " (5, 7),\n",
       " (5, 9),\n",
       " (6, 1),\n",
       " (6, 3),\n",
       " (6, 5),\n",
       " (6, 7),\n",
       " (6, 9),\n",
       " (7, 1),\n",
       " (7, 3),\n",
       " (7, 5),\n",
       " (7, 7),\n",
       " (7, 9),\n",
       " (8, 1),\n",
       " (8, 3),\n",
       " (8, 5),\n",
       " (8, 7),\n",
       " (8, 9)]"
      ]
     },
     "execution_count": 6,
     "metadata": {},
     "output_type": "execute_result"
    }
   ],
   "source": [
    "#print all valid actions\n",
    "valid_actions(env.state)"
   ]
  },
  {
   "cell_type": "code",
   "execution_count": 7,
   "metadata": {
    "colab": {},
    "colab_type": "code",
    "id": "IRciPUkYHDWf"
   },
   "outputs": [],
   "source": [
    "# Defining a function which will add new Q-values to the Q-dictionary. \n",
    "def add_to_dict(state):\n",
    "    state1 = Q_state(state)  \n",
    "    valid_act = valid_actions(state)\n",
    "    if state1 not in Q_dict.keys():\n",
    "        for action in valid_act:\n",
    "            Q_dict[state1][action]=0"
   ]
  },
  {
   "cell_type": "markdown",
   "metadata": {
    "colab_type": "text",
    "id": "fNNi_EfHGggM"
   },
   "source": [
    "#### Epsilon-greedy strategy - Write your code here\n",
    "\n",
    "(you can build your epsilon-decay function similar to the one given at the end of the notebook)"
   ]
  },
  {
   "cell_type": "code",
   "execution_count": 8,
   "metadata": {
    "colab": {},
    "colab_type": "code",
    "id": "m0lMfqiJGggN"
   },
   "outputs": [],
   "source": [
    "# Defining epsilon-greedy policy. You can choose any function epsilon-decay strategy\n",
    "def epsilon_greedy(state,episodes):\n",
    "    \n",
    "    epsilon = min_epsilon + (max_epsilon - min_epsilon) * np.exp(-decay_rate * episodes)\n",
    "    \n",
    "    z = np.random.random()\n",
    "    \n",
    "    if z > epsilon:\n",
    "        stateKey = Q_state(state)\n",
    "        action = max(Q_dict[stateKey],key=Q_dict[stateKey].get) # Exploitation\n",
    "    else:\n",
    "        actions = [i for i in env.action_space(state)[0]]\n",
    "        action =  actions[np.random.choice(range(len(actions)))] #Exploration\n",
    "    \n",
    "    return action\n",
    "\n"
   ]
  },
  {
   "cell_type": "markdown",
   "metadata": {
    "colab_type": "text",
    "id": "H2kyQHOMGggR"
   },
   "source": [
    "#### Tracking the state-action pairs for checking convergence - write your code here"
   ]
  },
  {
   "cell_type": "code",
   "execution_count": 9,
   "metadata": {
    "colab": {},
    "colab_type": "code",
    "id": "qcxZ29vdGggS"
   },
   "outputs": [],
   "source": [
    "# Initialise Q_dictionary as 'Q_dict' and States_tracked as 'States_track' (for convergence)\n",
    "Q_dict = collections.defaultdict(dict)\n",
    "States_track =collections.defaultdict(dict)"
   ]
  },
  {
   "cell_type": "code",
   "execution_count": 10,
   "metadata": {
    "colab": {},
    "colab_type": "code",
    "id": "vs73iv8fHOxV"
   },
   "outputs": [],
   "source": [
    "# Initialise states to be tracked\n",
    "def initialise_tracking_states():\n",
    "    Sample =  [('x-x-x-x-x-x-x-x-x',(6,5)),\n",
    "           ('x-x-x-x-x-x-x-x-x',(1,9)),\n",
    "           ('x-3-x-x-1-x-x-x-x',(7,5)),\n",
    "           ('x-5-x-x-x-x-5-7-x',(8,2)),\n",
    "            ('6-x-x-5-x-x-x-x-x',(1,1)),\n",
    "          ('x-x-x-9-x-x-6-x-x',(3,3))]\n",
    "    for v in Sample:\n",
    "        state = v[0]\n",
    "        action =v[1]\n",
    "        States_track[state][action] = []"
   ]
  },
  {
   "cell_type": "code",
   "execution_count": 11,
   "metadata": {
    "colab": {},
    "colab_type": "code",
    "id": "dAbwJDMVHpwl"
   },
   "outputs": [],
   "source": [
    "#Defining a function to save the Q-dictionary as a pickle file\n",
    "\n",
    "def save_obj(obj, name ):\n",
    "    with open(name + '.pkl', 'wb') as f:\n",
    "        pickle.dump(obj, f, pickle.HIGHEST_PROTOCOL)"
   ]
  },
  {
   "cell_type": "code",
   "execution_count": 12,
   "metadata": {
    "colab": {},
    "colab_type": "code",
    "id": "6Pyj7nMVHsBi"
   },
   "outputs": [],
   "source": [
    "def save_tracking_states():\n",
    "    for state in States_track.keys():\n",
    "        for action in States_track[state].keys():\n",
    "            if state in Q_dict and action in Q_dict[state]:\n",
    "                States_track[state][action].append(Q_dict[state][action])"
   ]
  },
  {
   "cell_type": "code",
   "execution_count": 13,
   "metadata": {
    "colab": {},
    "colab_type": "code",
    "id": "B_8xSluUHvew"
   },
   "outputs": [],
   "source": [
    "initialise_tracking_states()"
   ]
  },
  {
   "cell_type": "markdown",
   "metadata": {
    "colab_type": "text",
    "id": "-iPt--E9GggV"
   },
   "source": [
    "#### Define hyperparameters  ---write your code here"
   ]
  },
  {
   "cell_type": "code",
   "execution_count": 14,
   "metadata": {
    "colab": {},
    "colab_type": "code",
    "id": "G0_f5czFGggW"
   },
   "outputs": [],
   "source": [
    "learning_rate = 0.01\n",
    "discount_factor = 0.9\n",
    "decay_rate = 0.001\n",
    "\n",
    "epsilon = 1.0\n",
    "max_epsilon = 1.0\n",
    "min_epsilon = 0.001\n",
    "\n",
    "episodes = 50000\n",
    "saveThreshold  = 100\n",
    "printThreshold = 100"
   ]
  },
  {
   "cell_type": "markdown",
   "metadata": {
    "colab_type": "text",
    "id": "Md6twJ7wGggh"
   },
   "source": [
    "### Q-update loop ---write your code here"
   ]
  },
  {
   "cell_type": "code",
   "execution_count": 15,
   "metadata": {
    "colab": {},
    "colab_type": "code",
    "id": "ldCgQuDNGggj",
    "scrolled": true
   },
   "outputs": [
    {
     "name": "stdout",
     "output_type": "stream",
     "text": [
      "Games played 100, Agent Won : 0.2700, Environment Won : 0.2500, Tie(s) : 0.4800\n",
      "Games played 200, Agent Won : 0.2950, Environment Won : 0.2300, Tie(s) : 0.4750\n",
      "Games played 300, Agent Won : 0.2967, Environment Won : 0.2467, Tie(s) : 0.4567\n",
      "Games played 400, Agent Won : 0.2825, Environment Won : 0.2775, Tie(s) : 0.4400\n",
      "Games played 500, Agent Won : 0.2860, Environment Won : 0.2660, Tie(s) : 0.4480\n",
      "Games played 600, Agent Won : 0.2917, Environment Won : 0.2683, Tie(s) : 0.4400\n",
      "Games played 700, Agent Won : 0.2757, Environment Won : 0.2714, Tie(s) : 0.4529\n",
      "Games played 800, Agent Won : 0.2712, Environment Won : 0.2650, Tie(s) : 0.4637\n",
      "Games played 900, Agent Won : 0.2600, Environment Won : 0.2678, Tie(s) : 0.4722\n",
      "Games played 1000, Agent Won : 0.2710, Environment Won : 0.2630, Tie(s) : 0.4660\n",
      "Games played 1100, Agent Won : 0.2755, Environment Won : 0.2636, Tie(s) : 0.4609\n",
      "Games played 1200, Agent Won : 0.2758, Environment Won : 0.2683, Tie(s) : 0.4558\n",
      "Games played 1300, Agent Won : 0.2685, Environment Won : 0.2692, Tie(s) : 0.4623\n",
      "Games played 1400, Agent Won : 0.2679, Environment Won : 0.2664, Tie(s) : 0.4657\n",
      "Games played 1500, Agent Won : 0.2700, Environment Won : 0.2660, Tie(s) : 0.4640\n",
      "Games played 1600, Agent Won : 0.2675, Environment Won : 0.2631, Tie(s) : 0.4694\n",
      "Games played 1700, Agent Won : 0.2641, Environment Won : 0.2629, Tie(s) : 0.4729\n",
      "Games played 1800, Agent Won : 0.2594, Environment Won : 0.2661, Tie(s) : 0.4744\n",
      "Games played 1900, Agent Won : 0.2574, Environment Won : 0.2642, Tie(s) : 0.4784\n",
      "Games played 2000, Agent Won : 0.2580, Environment Won : 0.2640, Tie(s) : 0.4780\n",
      "Games played 2100, Agent Won : 0.2576, Environment Won : 0.2590, Tie(s) : 0.4833\n",
      "Games played 2200, Agent Won : 0.2586, Environment Won : 0.2614, Tie(s) : 0.4800\n",
      "Games played 2300, Agent Won : 0.2578, Environment Won : 0.2630, Tie(s) : 0.4791\n",
      "Games played 2400, Agent Won : 0.2567, Environment Won : 0.2650, Tie(s) : 0.4783\n",
      "Games played 2500, Agent Won : 0.2552, Environment Won : 0.2648, Tie(s) : 0.4800\n",
      "Games played 2600, Agent Won : 0.2581, Environment Won : 0.2627, Tie(s) : 0.4792\n",
      "Games played 2700, Agent Won : 0.2574, Environment Won : 0.2652, Tie(s) : 0.4774\n",
      "Games played 2800, Agent Won : 0.2618, Environment Won : 0.2643, Tie(s) : 0.4739\n",
      "Games played 2900, Agent Won : 0.2593, Environment Won : 0.2659, Tie(s) : 0.4748\n",
      "Games played 3000, Agent Won : 0.2590, Environment Won : 0.2650, Tie(s) : 0.4760\n",
      "Games played 3100, Agent Won : 0.2587, Environment Won : 0.2648, Tie(s) : 0.4765\n",
      "Games played 3200, Agent Won : 0.2575, Environment Won : 0.2650, Tie(s) : 0.4775\n",
      "Games played 3300, Agent Won : 0.2588, Environment Won : 0.2645, Tie(s) : 0.4767\n",
      "Games played 3400, Agent Won : 0.2621, Environment Won : 0.2644, Tie(s) : 0.4735\n",
      "Games played 3500, Agent Won : 0.2617, Environment Won : 0.2646, Tie(s) : 0.4737\n",
      "Games played 3600, Agent Won : 0.2614, Environment Won : 0.2656, Tie(s) : 0.4731\n",
      "Games played 3700, Agent Won : 0.2627, Environment Won : 0.2654, Tie(s) : 0.4719\n",
      "Games played 3800, Agent Won : 0.2629, Environment Won : 0.2645, Tie(s) : 0.4726\n",
      "Games played 3900, Agent Won : 0.2644, Environment Won : 0.2644, Tie(s) : 0.4713\n",
      "Games played 4000, Agent Won : 0.2655, Environment Won : 0.2652, Tie(s) : 0.4693\n",
      "Games played 4100, Agent Won : 0.2666, Environment Won : 0.2656, Tie(s) : 0.4678\n",
      "Games played 4200, Agent Won : 0.2655, Environment Won : 0.2645, Tie(s) : 0.4700\n",
      "Games played 4300, Agent Won : 0.2674, Environment Won : 0.2649, Tie(s) : 0.4677\n",
      "Games played 4400, Agent Won : 0.2668, Environment Won : 0.2652, Tie(s) : 0.4680\n",
      "Games played 4500, Agent Won : 0.2673, Environment Won : 0.2684, Tie(s) : 0.4642\n",
      "Games played 4600, Agent Won : 0.2700, Environment Won : 0.2689, Tie(s) : 0.4611\n",
      "Games played 4700, Agent Won : 0.2702, Environment Won : 0.2694, Tie(s) : 0.4604\n",
      "Games played 4800, Agent Won : 0.2708, Environment Won : 0.2681, Tie(s) : 0.4610\n",
      "Games played 4900, Agent Won : 0.2722, Environment Won : 0.2686, Tie(s) : 0.4592\n",
      "Games played 5000, Agent Won : 0.2714, Environment Won : 0.2680, Tie(s) : 0.4606\n",
      "Games played 5100, Agent Won : 0.2718, Environment Won : 0.2675, Tie(s) : 0.4608\n",
      "Games played 5200, Agent Won : 0.2719, Environment Won : 0.2673, Tie(s) : 0.4608\n",
      "Games played 5300, Agent Won : 0.2709, Environment Won : 0.2683, Tie(s) : 0.4608\n",
      "Games played 5400, Agent Won : 0.2715, Environment Won : 0.2672, Tie(s) : 0.4613\n",
      "Games played 5500, Agent Won : 0.2713, Environment Won : 0.2675, Tie(s) : 0.4613\n",
      "Games played 5600, Agent Won : 0.2727, Environment Won : 0.2670, Tie(s) : 0.4604\n",
      "Games played 5700, Agent Won : 0.2735, Environment Won : 0.2667, Tie(s) : 0.4598\n",
      "Games played 5800, Agent Won : 0.2734, Environment Won : 0.2666, Tie(s) : 0.4600\n",
      "Games played 5900, Agent Won : 0.2734, Environment Won : 0.2671, Tie(s) : 0.4595\n",
      "Games played 6000, Agent Won : 0.2740, Environment Won : 0.2663, Tie(s) : 0.4597\n",
      "Games played 6100, Agent Won : 0.2743, Environment Won : 0.2664, Tie(s) : 0.4593\n",
      "Games played 6200, Agent Won : 0.2765, Environment Won : 0.2655, Tie(s) : 0.4581\n",
      "Games played 6300, Agent Won : 0.2776, Environment Won : 0.2644, Tie(s) : 0.4579\n",
      "Games played 6400, Agent Won : 0.2775, Environment Won : 0.2642, Tie(s) : 0.4583\n",
      "Games played 6500, Agent Won : 0.2777, Environment Won : 0.2640, Tie(s) : 0.4583\n",
      "Games played 6600, Agent Won : 0.2767, Environment Won : 0.2639, Tie(s) : 0.4594\n",
      "Games played 6700, Agent Won : 0.2769, Environment Won : 0.2646, Tie(s) : 0.4585\n",
      "Games played 6800, Agent Won : 0.2769, Environment Won : 0.2650, Tie(s) : 0.4581\n",
      "Games played 6900, Agent Won : 0.2771, Environment Won : 0.2652, Tie(s) : 0.4577\n",
      "Games played 7000, Agent Won : 0.2783, Environment Won : 0.2647, Tie(s) : 0.4570\n",
      "Games played 7100, Agent Won : 0.2787, Environment Won : 0.2648, Tie(s) : 0.4565\n",
      "Games played 7200, Agent Won : 0.2785, Environment Won : 0.2660, Tie(s) : 0.4556\n",
      "Games played 7300, Agent Won : 0.2789, Environment Won : 0.2655, Tie(s) : 0.4556\n",
      "Games played 7400, Agent Won : 0.2786, Environment Won : 0.2646, Tie(s) : 0.4568\n",
      "Games played 7500, Agent Won : 0.2796, Environment Won : 0.2640, Tie(s) : 0.4564\n",
      "Games played 7600, Agent Won : 0.2797, Environment Won : 0.2641, Tie(s) : 0.4562\n",
      "Games played 7700, Agent Won : 0.2796, Environment Won : 0.2643, Tie(s) : 0.4561\n",
      "Games played 7800, Agent Won : 0.2799, Environment Won : 0.2649, Tie(s) : 0.4553\n",
      "Games played 7900, Agent Won : 0.2803, Environment Won : 0.2644, Tie(s) : 0.4553\n",
      "Games played 8000, Agent Won : 0.2804, Environment Won : 0.2644, Tie(s) : 0.4552\n",
      "Games played 8100, Agent Won : 0.2807, Environment Won : 0.2646, Tie(s) : 0.4547\n",
      "Games played 8200, Agent Won : 0.2811, Environment Won : 0.2643, Tie(s) : 0.4546\n",
      "Games played 8300, Agent Won : 0.2805, Environment Won : 0.2652, Tie(s) : 0.4543\n",
      "Games played 8400, Agent Won : 0.2810, Environment Won : 0.2650, Tie(s) : 0.4540\n",
      "Games played 8500, Agent Won : 0.2814, Environment Won : 0.2646, Tie(s) : 0.4540\n",
      "Games played 8600, Agent Won : 0.2815, Environment Won : 0.2640, Tie(s) : 0.4545\n",
      "Games played 8700, Agent Won : 0.2814, Environment Won : 0.2638, Tie(s) : 0.4548\n",
      "Games played 8800, Agent Won : 0.2817, Environment Won : 0.2636, Tie(s) : 0.4547\n",
      "Games played 8900, Agent Won : 0.2819, Environment Won : 0.2642, Tie(s) : 0.4539\n",
      "Games played 9000, Agent Won : 0.2826, Environment Won : 0.2637, Tie(s) : 0.4538\n",
      "Games played 9100, Agent Won : 0.2825, Environment Won : 0.2633, Tie(s) : 0.4542\n",
      "Games played 9200, Agent Won : 0.2828, Environment Won : 0.2634, Tie(s) : 0.4538\n",
      "Games played 9300, Agent Won : 0.2823, Environment Won : 0.2638, Tie(s) : 0.4540\n",
      "Games played 9400, Agent Won : 0.2829, Environment Won : 0.2636, Tie(s) : 0.4535\n",
      "Games played 9500, Agent Won : 0.2832, Environment Won : 0.2635, Tie(s) : 0.4534\n",
      "Games played 9600, Agent Won : 0.2829, Environment Won : 0.2633, Tie(s) : 0.4537\n",
      "Games played 9700, Agent Won : 0.2826, Environment Won : 0.2633, Tie(s) : 0.4541\n",
      "Games played 9800, Agent Won : 0.2832, Environment Won : 0.2630, Tie(s) : 0.4539\n",
      "Games played 9900, Agent Won : 0.2830, Environment Won : 0.2625, Tie(s) : 0.4544\n",
      "Games played 10000, Agent Won : 0.2834, Environment Won : 0.2621, Tie(s) : 0.4545\n",
      "Games played 10100, Agent Won : 0.2838, Environment Won : 0.2613, Tie(s) : 0.4550\n",
      "Games played 10200, Agent Won : 0.2836, Environment Won : 0.2611, Tie(s) : 0.4553\n",
      "Games played 10300, Agent Won : 0.2838, Environment Won : 0.2614, Tie(s) : 0.4549\n",
      "Games played 10400, Agent Won : 0.2835, Environment Won : 0.2617, Tie(s) : 0.4548\n",
      "Games played 10500, Agent Won : 0.2835, Environment Won : 0.2615, Tie(s) : 0.4550\n",
      "Games played 10600, Agent Won : 0.2838, Environment Won : 0.2612, Tie(s) : 0.4550\n",
      "Games played 10700, Agent Won : 0.2834, Environment Won : 0.2616, Tie(s) : 0.4550\n",
      "Games played 10800, Agent Won : 0.2834, Environment Won : 0.2620, Tie(s) : 0.4545\n",
      "Games played 10900, Agent Won : 0.2841, Environment Won : 0.2622, Tie(s) : 0.4537\n",
      "Games played 11000, Agent Won : 0.2842, Environment Won : 0.2622, Tie(s) : 0.4536\n",
      "Games played 11100, Agent Won : 0.2839, Environment Won : 0.2627, Tie(s) : 0.4534\n"
     ]
    },
    {
     "name": "stdout",
     "output_type": "stream",
     "text": [
      "Games played 11200, Agent Won : 0.2839, Environment Won : 0.2623, Tie(s) : 0.4537\n",
      "Games played 11300, Agent Won : 0.2840, Environment Won : 0.2628, Tie(s) : 0.4532\n",
      "Games played 11400, Agent Won : 0.2841, Environment Won : 0.2620, Tie(s) : 0.4539\n",
      "Games played 11500, Agent Won : 0.2840, Environment Won : 0.2623, Tie(s) : 0.4537\n",
      "Games played 11600, Agent Won : 0.2847, Environment Won : 0.2622, Tie(s) : 0.4530\n",
      "Games played 11700, Agent Won : 0.2846, Environment Won : 0.2620, Tie(s) : 0.4534\n",
      "Games played 11800, Agent Won : 0.2852, Environment Won : 0.2614, Tie(s) : 0.4534\n",
      "Games played 11900, Agent Won : 0.2855, Environment Won : 0.2608, Tie(s) : 0.4536\n",
      "Games played 12000, Agent Won : 0.2853, Environment Won : 0.2611, Tie(s) : 0.4536\n",
      "Games played 12100, Agent Won : 0.2854, Environment Won : 0.2610, Tie(s) : 0.4536\n",
      "Games played 12200, Agent Won : 0.2861, Environment Won : 0.2612, Tie(s) : 0.4526\n",
      "Games played 12300, Agent Won : 0.2859, Environment Won : 0.2615, Tie(s) : 0.4527\n",
      "Games played 12400, Agent Won : 0.2861, Environment Won : 0.2614, Tie(s) : 0.4525\n",
      "Games played 12500, Agent Won : 0.2863, Environment Won : 0.2610, Tie(s) : 0.4526\n",
      "Games played 12600, Agent Won : 0.2863, Environment Won : 0.2610, Tie(s) : 0.4527\n",
      "Games played 12700, Agent Won : 0.2864, Environment Won : 0.2609, Tie(s) : 0.4528\n",
      "Games played 12800, Agent Won : 0.2860, Environment Won : 0.2611, Tie(s) : 0.4529\n",
      "Games played 12900, Agent Won : 0.2863, Environment Won : 0.2609, Tie(s) : 0.4529\n",
      "Games played 13000, Agent Won : 0.2863, Environment Won : 0.2610, Tie(s) : 0.4527\n",
      "Games played 13100, Agent Won : 0.2868, Environment Won : 0.2610, Tie(s) : 0.4522\n",
      "Games played 13200, Agent Won : 0.2863, Environment Won : 0.2615, Tie(s) : 0.4522\n",
      "Games played 13300, Agent Won : 0.2866, Environment Won : 0.2620, Tie(s) : 0.4514\n",
      "Games played 13400, Agent Won : 0.2872, Environment Won : 0.2615, Tie(s) : 0.4513\n",
      "Games played 13500, Agent Won : 0.2866, Environment Won : 0.2614, Tie(s) : 0.4520\n",
      "Games played 13600, Agent Won : 0.2867, Environment Won : 0.2621, Tie(s) : 0.4512\n",
      "Games played 13700, Agent Won : 0.2866, Environment Won : 0.2621, Tie(s) : 0.4512\n",
      "Games played 13800, Agent Won : 0.2867, Environment Won : 0.2622, Tie(s) : 0.4512\n",
      "Games played 13900, Agent Won : 0.2865, Environment Won : 0.2617, Tie(s) : 0.4519\n",
      "Games played 14000, Agent Won : 0.2859, Environment Won : 0.2621, Tie(s) : 0.4520\n",
      "Games played 14100, Agent Won : 0.2859, Environment Won : 0.2622, Tie(s) : 0.4519\n",
      "Games played 14200, Agent Won : 0.2854, Environment Won : 0.2622, Tie(s) : 0.4525\n",
      "Games played 14300, Agent Won : 0.2851, Environment Won : 0.2625, Tie(s) : 0.4524\n",
      "Games played 14400, Agent Won : 0.2847, Environment Won : 0.2628, Tie(s) : 0.4526\n",
      "Games played 14500, Agent Won : 0.2850, Environment Won : 0.2622, Tie(s) : 0.4528\n",
      "Games played 14600, Agent Won : 0.2846, Environment Won : 0.2626, Tie(s) : 0.4528\n",
      "Games played 14700, Agent Won : 0.2846, Environment Won : 0.2627, Tie(s) : 0.4527\n",
      "Games played 14800, Agent Won : 0.2850, Environment Won : 0.2625, Tie(s) : 0.4525\n",
      "Games played 14900, Agent Won : 0.2846, Environment Won : 0.2629, Tie(s) : 0.4526\n",
      "Games played 15000, Agent Won : 0.2849, Environment Won : 0.2626, Tie(s) : 0.4525\n",
      "Games played 15100, Agent Won : 0.2847, Environment Won : 0.2626, Tie(s) : 0.4527\n",
      "Games played 15200, Agent Won : 0.2854, Environment Won : 0.2624, Tie(s) : 0.4522\n",
      "Games played 15300, Agent Won : 0.2855, Environment Won : 0.2620, Tie(s) : 0.4525\n",
      "Games played 15400, Agent Won : 0.2860, Environment Won : 0.2618, Tie(s) : 0.4523\n",
      "Games played 15500, Agent Won : 0.2861, Environment Won : 0.2614, Tie(s) : 0.4526\n",
      "Games played 15600, Agent Won : 0.2865, Environment Won : 0.2613, Tie(s) : 0.4522\n",
      "Games played 15700, Agent Won : 0.2861, Environment Won : 0.2614, Tie(s) : 0.4525\n",
      "Games played 15800, Agent Won : 0.2857, Environment Won : 0.2614, Tie(s) : 0.4529\n",
      "Games played 15900, Agent Won : 0.2857, Environment Won : 0.2611, Tie(s) : 0.4533\n",
      "Games played 16000, Agent Won : 0.2851, Environment Won : 0.2610, Tie(s) : 0.4539\n",
      "Games played 16100, Agent Won : 0.2850, Environment Won : 0.2611, Tie(s) : 0.4539\n",
      "Games played 16200, Agent Won : 0.2847, Environment Won : 0.2609, Tie(s) : 0.4544\n",
      "Games played 16300, Agent Won : 0.2852, Environment Won : 0.2607, Tie(s) : 0.4541\n",
      "Games played 16400, Agent Won : 0.2850, Environment Won : 0.2607, Tie(s) : 0.4543\n",
      "Games played 16500, Agent Won : 0.2847, Environment Won : 0.2608, Tie(s) : 0.4545\n",
      "Games played 16600, Agent Won : 0.2845, Environment Won : 0.2605, Tie(s) : 0.4550\n",
      "Games played 16700, Agent Won : 0.2845, Environment Won : 0.2604, Tie(s) : 0.4551\n",
      "Games played 16800, Agent Won : 0.2847, Environment Won : 0.2599, Tie(s) : 0.4554\n",
      "Games played 16900, Agent Won : 0.2847, Environment Won : 0.2602, Tie(s) : 0.4551\n",
      "Games played 17000, Agent Won : 0.2845, Environment Won : 0.2602, Tie(s) : 0.4552\n",
      "Games played 17100, Agent Won : 0.2847, Environment Won : 0.2604, Tie(s) : 0.4549\n",
      "Games played 17200, Agent Won : 0.2848, Environment Won : 0.2602, Tie(s) : 0.4551\n",
      "Games played 17300, Agent Won : 0.2847, Environment Won : 0.2605, Tie(s) : 0.4547\n",
      "Games played 17400, Agent Won : 0.2852, Environment Won : 0.2603, Tie(s) : 0.4545\n",
      "Games played 17500, Agent Won : 0.2848, Environment Won : 0.2600, Tie(s) : 0.4552\n",
      "Games played 17600, Agent Won : 0.2848, Environment Won : 0.2600, Tie(s) : 0.4552\n",
      "Games played 17700, Agent Won : 0.2851, Environment Won : 0.2598, Tie(s) : 0.4551\n",
      "Games played 17800, Agent Won : 0.2848, Environment Won : 0.2597, Tie(s) : 0.4555\n",
      "Games played 17900, Agent Won : 0.2848, Environment Won : 0.2594, Tie(s) : 0.4558\n",
      "Games played 18000, Agent Won : 0.2846, Environment Won : 0.2596, Tie(s) : 0.4558\n",
      "Games played 18100, Agent Won : 0.2844, Environment Won : 0.2592, Tie(s) : 0.4564\n",
      "Games played 18200, Agent Won : 0.2845, Environment Won : 0.2587, Tie(s) : 0.4568\n",
      "Games played 18300, Agent Won : 0.2845, Environment Won : 0.2591, Tie(s) : 0.4563\n",
      "Games played 18400, Agent Won : 0.2842, Environment Won : 0.2596, Tie(s) : 0.4562\n",
      "Games played 18500, Agent Won : 0.2840, Environment Won : 0.2597, Tie(s) : 0.4563\n",
      "Games played 18600, Agent Won : 0.2837, Environment Won : 0.2596, Tie(s) : 0.4567\n",
      "Games played 18700, Agent Won : 0.2834, Environment Won : 0.2598, Tie(s) : 0.4568\n",
      "Games played 18800, Agent Won : 0.2834, Environment Won : 0.2598, Tie(s) : 0.4568\n",
      "Games played 18900, Agent Won : 0.2830, Environment Won : 0.2601, Tie(s) : 0.4569\n",
      "Games played 19000, Agent Won : 0.2825, Environment Won : 0.2605, Tie(s) : 0.4569\n",
      "Games played 19100, Agent Won : 0.2823, Environment Won : 0.2610, Tie(s) : 0.4567\n",
      "Games played 19200, Agent Won : 0.2822, Environment Won : 0.2610, Tie(s) : 0.4568\n",
      "Games played 19300, Agent Won : 0.2821, Environment Won : 0.2610, Tie(s) : 0.4569\n",
      "Games played 19400, Agent Won : 0.2823, Environment Won : 0.2609, Tie(s) : 0.4568\n",
      "Games played 19500, Agent Won : 0.2822, Environment Won : 0.2610, Tie(s) : 0.4568\n",
      "Games played 19600, Agent Won : 0.2819, Environment Won : 0.2611, Tie(s) : 0.4570\n",
      "Games played 19700, Agent Won : 0.2817, Environment Won : 0.2613, Tie(s) : 0.4570\n",
      "Games played 19800, Agent Won : 0.2815, Environment Won : 0.2615, Tie(s) : 0.4570\n",
      "Games played 19900, Agent Won : 0.2814, Environment Won : 0.2615, Tie(s) : 0.4571\n",
      "Games played 20000, Agent Won : 0.2812, Environment Won : 0.2615, Tie(s) : 0.4573\n",
      "Games played 20100, Agent Won : 0.2814, Environment Won : 0.2614, Tie(s) : 0.4572\n",
      "Games played 20200, Agent Won : 0.2815, Environment Won : 0.2616, Tie(s) : 0.4568\n",
      "Games played 20300, Agent Won : 0.2813, Environment Won : 0.2619, Tie(s) : 0.4568\n",
      "Games played 20400, Agent Won : 0.2813, Environment Won : 0.2618, Tie(s) : 0.4570\n",
      "Games played 20500, Agent Won : 0.2811, Environment Won : 0.2619, Tie(s) : 0.4571\n",
      "Games played 20600, Agent Won : 0.2813, Environment Won : 0.2617, Tie(s) : 0.4570\n",
      "Games played 20700, Agent Won : 0.2812, Environment Won : 0.2620, Tie(s) : 0.4569\n",
      "Games played 20800, Agent Won : 0.2811, Environment Won : 0.2618, Tie(s) : 0.4572\n",
      "Games played 20900, Agent Won : 0.2809, Environment Won : 0.2619, Tie(s) : 0.4572\n",
      "Games played 21000, Agent Won : 0.2812, Environment Won : 0.2618, Tie(s) : 0.4570\n",
      "Games played 21100, Agent Won : 0.2811, Environment Won : 0.2619, Tie(s) : 0.4570\n",
      "Games played 21200, Agent Won : 0.2811, Environment Won : 0.2620, Tie(s) : 0.4569\n"
     ]
    },
    {
     "name": "stdout",
     "output_type": "stream",
     "text": [
      "Games played 21300, Agent Won : 0.2810, Environment Won : 0.2625, Tie(s) : 0.4565\n",
      "Games played 21400, Agent Won : 0.2811, Environment Won : 0.2623, Tie(s) : 0.4566\n",
      "Games played 21500, Agent Won : 0.2812, Environment Won : 0.2622, Tie(s) : 0.4566\n",
      "Games played 21600, Agent Won : 0.2811, Environment Won : 0.2621, Tie(s) : 0.4569\n",
      "Games played 21700, Agent Won : 0.2812, Environment Won : 0.2620, Tie(s) : 0.4568\n",
      "Games played 21800, Agent Won : 0.2811, Environment Won : 0.2622, Tie(s) : 0.4567\n",
      "Games played 21900, Agent Won : 0.2810, Environment Won : 0.2626, Tie(s) : 0.4564\n",
      "Games played 22000, Agent Won : 0.2807, Environment Won : 0.2625, Tie(s) : 0.4567\n",
      "Games played 22100, Agent Won : 0.2808, Environment Won : 0.2629, Tie(s) : 0.4564\n",
      "Games played 22200, Agent Won : 0.2808, Environment Won : 0.2625, Tie(s) : 0.4567\n",
      "Games played 22300, Agent Won : 0.2805, Environment Won : 0.2623, Tie(s) : 0.4572\n",
      "Games played 22400, Agent Won : 0.2803, Environment Won : 0.2625, Tie(s) : 0.4571\n",
      "Games played 22500, Agent Won : 0.2799, Environment Won : 0.2627, Tie(s) : 0.4575\n",
      "Games played 22600, Agent Won : 0.2794, Environment Won : 0.2628, Tie(s) : 0.4577\n",
      "Games played 22700, Agent Won : 0.2795, Environment Won : 0.2626, Tie(s) : 0.4578\n",
      "Games played 22800, Agent Won : 0.2798, Environment Won : 0.2628, Tie(s) : 0.4574\n",
      "Games played 22900, Agent Won : 0.2797, Environment Won : 0.2624, Tie(s) : 0.4578\n",
      "Games played 23000, Agent Won : 0.2794, Environment Won : 0.2627, Tie(s) : 0.4579\n",
      "Games played 23100, Agent Won : 0.2794, Environment Won : 0.2629, Tie(s) : 0.4578\n",
      "Games played 23200, Agent Won : 0.2790, Environment Won : 0.2630, Tie(s) : 0.4580\n",
      "Games played 23300, Agent Won : 0.2788, Environment Won : 0.2632, Tie(s) : 0.4580\n",
      "Games played 23400, Agent Won : 0.2786, Environment Won : 0.2635, Tie(s) : 0.4579\n",
      "Games played 23500, Agent Won : 0.2789, Environment Won : 0.2635, Tie(s) : 0.4577\n",
      "Games played 23600, Agent Won : 0.2792, Environment Won : 0.2633, Tie(s) : 0.4575\n",
      "Games played 23700, Agent Won : 0.2790, Environment Won : 0.2635, Tie(s) : 0.4574\n",
      "Games played 23800, Agent Won : 0.2788, Environment Won : 0.2638, Tie(s) : 0.4574\n",
      "Games played 23900, Agent Won : 0.2785, Environment Won : 0.2644, Tie(s) : 0.4572\n",
      "Games played 24000, Agent Won : 0.2787, Environment Won : 0.2643, Tie(s) : 0.4570\n",
      "Games played 24100, Agent Won : 0.2785, Environment Won : 0.2643, Tie(s) : 0.4572\n",
      "Games played 24200, Agent Won : 0.2785, Environment Won : 0.2642, Tie(s) : 0.4573\n",
      "Games played 24300, Agent Won : 0.2786, Environment Won : 0.2645, Tie(s) : 0.4569\n",
      "Games played 24400, Agent Won : 0.2784, Environment Won : 0.2646, Tie(s) : 0.4570\n",
      "Games played 24500, Agent Won : 0.2784, Environment Won : 0.2645, Tie(s) : 0.4571\n",
      "Games played 24600, Agent Won : 0.2785, Environment Won : 0.2642, Tie(s) : 0.4572\n",
      "Games played 24700, Agent Won : 0.2785, Environment Won : 0.2642, Tie(s) : 0.4573\n",
      "Games played 24800, Agent Won : 0.2785, Environment Won : 0.2643, Tie(s) : 0.4572\n",
      "Games played 24900, Agent Won : 0.2784, Environment Won : 0.2641, Tie(s) : 0.4574\n",
      "Games played 25000, Agent Won : 0.2786, Environment Won : 0.2642, Tie(s) : 0.4572\n",
      "Games played 25100, Agent Won : 0.2785, Environment Won : 0.2643, Tie(s) : 0.4572\n",
      "Games played 25200, Agent Won : 0.2786, Environment Won : 0.2643, Tie(s) : 0.4571\n",
      "Games played 25300, Agent Won : 0.2785, Environment Won : 0.2642, Tie(s) : 0.4573\n",
      "Games played 25400, Agent Won : 0.2786, Environment Won : 0.2641, Tie(s) : 0.4573\n",
      "Games played 25500, Agent Won : 0.2784, Environment Won : 0.2641, Tie(s) : 0.4575\n",
      "Games played 25600, Agent Won : 0.2783, Environment Won : 0.2637, Tie(s) : 0.4580\n",
      "Games played 25700, Agent Won : 0.2781, Environment Won : 0.2637, Tie(s) : 0.4582\n",
      "Games played 25800, Agent Won : 0.2779, Environment Won : 0.2639, Tie(s) : 0.4583\n",
      "Games played 25900, Agent Won : 0.2778, Environment Won : 0.2639, Tie(s) : 0.4583\n",
      "Games played 26000, Agent Won : 0.2775, Environment Won : 0.2642, Tie(s) : 0.4583\n",
      "Games played 26100, Agent Won : 0.2775, Environment Won : 0.2641, Tie(s) : 0.4584\n",
      "Games played 26200, Agent Won : 0.2771, Environment Won : 0.2640, Tie(s) : 0.4589\n",
      "Games played 26300, Agent Won : 0.2767, Environment Won : 0.2644, Tie(s) : 0.4589\n",
      "Games played 26400, Agent Won : 0.2765, Environment Won : 0.2646, Tie(s) : 0.4589\n",
      "Games played 26500, Agent Won : 0.2766, Environment Won : 0.2646, Tie(s) : 0.4588\n",
      "Games played 26600, Agent Won : 0.2764, Environment Won : 0.2646, Tie(s) : 0.4590\n",
      "Games played 26700, Agent Won : 0.2764, Environment Won : 0.2643, Tie(s) : 0.4593\n",
      "Games played 26800, Agent Won : 0.2763, Environment Won : 0.2643, Tie(s) : 0.4594\n",
      "Games played 26900, Agent Won : 0.2758, Environment Won : 0.2645, Tie(s) : 0.4597\n",
      "Games played 27000, Agent Won : 0.2759, Environment Won : 0.2644, Tie(s) : 0.4597\n",
      "Games played 27100, Agent Won : 0.2759, Environment Won : 0.2643, Tie(s) : 0.4598\n",
      "Games played 27200, Agent Won : 0.2759, Environment Won : 0.2645, Tie(s) : 0.4596\n",
      "Games played 27300, Agent Won : 0.2756, Environment Won : 0.2647, Tie(s) : 0.4597\n",
      "Games played 27400, Agent Won : 0.2755, Environment Won : 0.2646, Tie(s) : 0.4599\n",
      "Games played 27500, Agent Won : 0.2753, Environment Won : 0.2646, Tie(s) : 0.4601\n",
      "Games played 27600, Agent Won : 0.2753, Environment Won : 0.2643, Tie(s) : 0.4604\n",
      "Games played 27700, Agent Won : 0.2753, Environment Won : 0.2645, Tie(s) : 0.4602\n",
      "Games played 27800, Agent Won : 0.2752, Environment Won : 0.2649, Tie(s) : 0.4599\n",
      "Games played 27900, Agent Won : 0.2751, Environment Won : 0.2652, Tie(s) : 0.4598\n",
      "Games played 28000, Agent Won : 0.2749, Environment Won : 0.2651, Tie(s) : 0.4600\n",
      "Games played 28100, Agent Won : 0.2751, Environment Won : 0.2651, Tie(s) : 0.4598\n",
      "Games played 28200, Agent Won : 0.2750, Environment Won : 0.2651, Tie(s) : 0.4599\n",
      "Games played 28300, Agent Won : 0.2749, Environment Won : 0.2653, Tie(s) : 0.4598\n",
      "Games played 28400, Agent Won : 0.2748, Environment Won : 0.2655, Tie(s) : 0.4597\n",
      "Games played 28500, Agent Won : 0.2748, Environment Won : 0.2656, Tie(s) : 0.4596\n",
      "Games played 28600, Agent Won : 0.2747, Environment Won : 0.2658, Tie(s) : 0.4595\n",
      "Games played 28700, Agent Won : 0.2746, Environment Won : 0.2659, Tie(s) : 0.4594\n",
      "Games played 28800, Agent Won : 0.2745, Environment Won : 0.2660, Tie(s) : 0.4595\n",
      "Games played 28900, Agent Won : 0.2744, Environment Won : 0.2659, Tie(s) : 0.4597\n",
      "Games played 29000, Agent Won : 0.2744, Environment Won : 0.2659, Tie(s) : 0.4598\n",
      "Games played 29100, Agent Won : 0.2747, Environment Won : 0.2656, Tie(s) : 0.4597\n",
      "Games played 29200, Agent Won : 0.2745, Environment Won : 0.2656, Tie(s) : 0.4599\n",
      "Games played 29300, Agent Won : 0.2743, Environment Won : 0.2656, Tie(s) : 0.4600\n",
      "Games played 29400, Agent Won : 0.2741, Environment Won : 0.2657, Tie(s) : 0.4601\n",
      "Games played 29500, Agent Won : 0.2741, Environment Won : 0.2657, Tie(s) : 0.4602\n",
      "Games played 29600, Agent Won : 0.2741, Environment Won : 0.2656, Tie(s) : 0.4603\n",
      "Games played 29700, Agent Won : 0.2739, Environment Won : 0.2658, Tie(s) : 0.4603\n",
      "Games played 29800, Agent Won : 0.2740, Environment Won : 0.2657, Tie(s) : 0.4603\n",
      "Games played 29900, Agent Won : 0.2737, Environment Won : 0.2657, Tie(s) : 0.4606\n",
      "Games played 30000, Agent Won : 0.2734, Environment Won : 0.2659, Tie(s) : 0.4606\n",
      "Games played 30100, Agent Won : 0.2734, Environment Won : 0.2660, Tie(s) : 0.4606\n",
      "Games played 30200, Agent Won : 0.2731, Environment Won : 0.2662, Tie(s) : 0.4606\n",
      "Games played 30300, Agent Won : 0.2730, Environment Won : 0.2663, Tie(s) : 0.4607\n",
      "Games played 30400, Agent Won : 0.2729, Environment Won : 0.2663, Tie(s) : 0.4608\n",
      "Games played 30500, Agent Won : 0.2729, Environment Won : 0.2662, Tie(s) : 0.4609\n",
      "Games played 30600, Agent Won : 0.2728, Environment Won : 0.2663, Tie(s) : 0.4609\n",
      "Games played 30700, Agent Won : 0.2725, Environment Won : 0.2663, Tie(s) : 0.4612\n",
      "Games played 30800, Agent Won : 0.2725, Environment Won : 0.2663, Tie(s) : 0.4613\n",
      "Games played 30900, Agent Won : 0.2725, Environment Won : 0.2662, Tie(s) : 0.4612\n",
      "Games played 31000, Agent Won : 0.2724, Environment Won : 0.2665, Tie(s) : 0.4611\n",
      "Games played 31100, Agent Won : 0.2722, Environment Won : 0.2666, Tie(s) : 0.4612\n",
      "Games played 31200, Agent Won : 0.2718, Environment Won : 0.2669, Tie(s) : 0.4613\n",
      "Games played 31300, Agent Won : 0.2717, Environment Won : 0.2669, Tie(s) : 0.4615\n",
      "Games played 31400, Agent Won : 0.2717, Environment Won : 0.2669, Tie(s) : 0.4614\n",
      "Games played 31500, Agent Won : 0.2714, Environment Won : 0.2671, Tie(s) : 0.4616\n"
     ]
    },
    {
     "name": "stdout",
     "output_type": "stream",
     "text": [
      "Games played 31600, Agent Won : 0.2710, Environment Won : 0.2672, Tie(s) : 0.4617\n",
      "Games played 31700, Agent Won : 0.2711, Environment Won : 0.2673, Tie(s) : 0.4617\n",
      "Games played 31800, Agent Won : 0.2711, Environment Won : 0.2671, Tie(s) : 0.4618\n",
      "Games played 31900, Agent Won : 0.2709, Environment Won : 0.2669, Tie(s) : 0.4622\n",
      "Games played 32000, Agent Won : 0.2709, Environment Won : 0.2671, Tie(s) : 0.4620\n",
      "Games played 32100, Agent Won : 0.2710, Environment Won : 0.2671, Tie(s) : 0.4619\n",
      "Games played 32200, Agent Won : 0.2710, Environment Won : 0.2673, Tie(s) : 0.4617\n",
      "Games played 32300, Agent Won : 0.2709, Environment Won : 0.2672, Tie(s) : 0.4618\n",
      "Games played 32400, Agent Won : 0.2710, Environment Won : 0.2673, Tie(s) : 0.4617\n",
